$ANSIBLE_VAULT;1.1;AES256
35623339653631356530656136376430613737633739646465396335373162373463353635346231
3962323531366365653966323137636662303262613765380a623064393031663130616637323333
36383331613062343132336532346661643336393935393062316335336262343732383839623136
6339386137366630350a653566633133633033303830303666383464646539313639616332306338
34353134396438643934633838383830616332333231653263666530363638323634656137326539
62303938333765336136653062323734623037613231326231646164376532393165626133303631
33373462316365323762396462366439383237646437653338633237613637303164383963656566
65336336326462656138636161373261663834383335336335343832383966656133663732623432
34663561343037346562343231663434373864393737663636623166663037373836343963653733
63343737636530623836663665343135346362313035626164663639643132383331323236323037
30623466363262336266393864393739396166616166393562383534356363393162646131396133
31323632363231663763636135323238646239623139633834666432613835626637376437643335
39396131626332346665353439303162663766636531613564343837663166643632373632303965
31313730326263343463646166633933376431343764663330306234646164376537333233636230
33633034633465336462313561306330313338663734396566373831666637386262363061643866
36393837373139323033383965666265393636383339303565396632393636306162653461346665
33306566363637396232343935346130353037633561653561633262343861383735316630666566
64623866323264316232336363393261613639613332376133666537646166303832323433346336
39356438356534616132666532333862663833663432356564356535363533643266663238313664
35613731306132366639623637336661643036383933643766323335306265613332646537633334
30353132643935306637613934613434333432393837326262326533393731343339303436343437
66386539363466613232626339313836326363353939326662656466323430316334333737623337
38653761663536623264316664316136313430643537313430613263323663346638356631376534
38313533316564336536616263363535303932383636356537626432656638356432353130363538
34623630366337356637623835313261313736633234393866313930353038313464643633356139
37616234656135656133376134363530613063633333653136316261333939643163643133646661
35356431343264323466323466323033376435386666633237656235383664623662313865373565
37653230383366376435316334306635626364663163303837313964373736316561393539616335
62643264376338623233633963326531626661373137323939393163643663633537396365316437
33613037373030326563333437316535383363303966626237656632656334643161613833333432
39343639623532393330306166656636373731333536613864313366633230363230633634653132
36633837316239316535396166613538336433663532303834393362323730353265363761393039
30333262636236656338323361666436306466656136363635366263336261373236633033323037
65323164666165653334613935356539643533636361626165373132326561356531393665393935
63313663346131346135633235346338653365653037643931333631333838633135616539363835
64366362653336316664646337663362633632393362626462623136373966393333613036353161
32623166363832626137336465333930663939613138333038323537623064313863613065326633
39653465613230343862363333666266653733383131366135326161646532313337653564353237
38336339373832626262363566366164613238666163373938633937343663323165613939386533
39326563323335393366636364326137306135356462363462613739656237303338383964623366
33383733646661363632386630393936666663363135363630393763386361613061363035383736
36343666653834623238666534373431616566386366623734613532313631636661323333653665
33346262393363353430393965346136373732616363326635663838366335643330313333353239
33643435643237666566383366623461616531303364663663396666663166326537626231316162
30663239613334616234393864313461373066316565333232643839373661636538306664623263
66356437653839333865323633373936383364346633353933626563633632316238393538383937
37623031653431366234643833376336346365346666356161376663353264366238623834326538
38393336323339613630323733313266303764376136643865393364356137353835623239663765
38383935366439653532616432393831636439326365303334336262616637663062666461613962
35646634383835343839306537336338346232366131393036363136353366346433636263343239
65373234653439623935346164373864633532383261383936333230333134343738303135333963
66306237396636363066306639663136626639643636383332616135633638333533616361396134
63333239656663303161356161666164306431336164656532316130613766333730613062333634
36393130653763643834346231343061323964396263643565373938333635303435323230346636
37316530383336643034656639666339333464383333643465346537333532343432393964306363
61363162323830663364333036616261313433616432633038623862333532626136373936373561
39396663656635626632383036633830653937656335633430616165353336353563356537613834
65316137313934626561346430303862356361633164343738626465363232633837626361636664
30636663306665653930623938353537616362386630633934333931343266643735623861646366
66393339643134366562623236393563353165613032363233353239353831303961623732373532
34303365663465386461623265383162366234643538346363333261333031306163623339626364
39616231663966623932376531393637343566663236633866656439303731653939393163643533
37663838323238323062386333616134373237393765366265303664323065663333663338376263
30313337383563613538336538656638613938373032643833373230386632323564626136313534
65353636303466633531353636373465356365633938663565613138666464323934313630303833
63363934363964626266373361333262316663346262303262653066393963663938366330393533
39613765363033303761616330346661623661383431376636316366303637623034646664376334
39623339383261353532323935343131636233666530383862613335333032646434316164316530
37356431643038393431343834303930626330383165383835396437653034613730343061666462
63313832333266633630663130633666346266353931363837383165313261616635373130613861
63323636316664363639383432343266363730316238303435376161353134353832636335313931
66373964346138376431336166626333313062653534346539383261386339313635613964326339
63313932633438326135653531313931333062323039333331396331393261666238303961373765
30396235353433623135653832653864353030663438653764356166626330353338646139336631
39353730633932393232356337316332613962653365363631336531343733646134353235653066
36646433366136386132623061363136663361366537623832306664376636326466363566656264
30653762626332393135333231366431366362336466643834663238616333613539373533366464
33613636333734643061656432336539343138346666633132373430636361663635366232316265
65313966346237373161623566333762303136383766363739643533336464386230653165636333
39386466383930653461313961393233666266396338326466613831356264626165653532373838
65383965646437656231383131353032326466656338353439646137626530656264373266656335
31643338353161663535353136666637366133333931313537366437373738656633626339303061
36303838666330653864363539656161653133383438336364643665653132356362333961376133
37376132336138663561636130656339613238313431373536643764343034326538303239393932
32346636663235613931646565366364373934626365363336636630353466313331626435353762
62386530363530613635636664633265353637346665643635393066663661316261353239336364
64626333366163306138623733646262376636363038323762616235663262633433616637653730
65333736346234613433313031393664636435393263613961383464643039636662346530336634
66633061333438326637633662343438313162386437656630633231313134333436316366353737
36613064613138303131636537623161613239376334343963633332383831333032393038616231
63333862363236646361356530643565656535656235303664373763373665313339353266343034
30316166633062383763326231396637366264633564363030343138343835383338346135643337
36323437323130373338353533373837356335313964353938393432616232626665636635363732
65666463353936643234313637376636623835323330343034326435306138336362343631653333
613638643739656235623037366361343233
