$ANSIBLE_VAULT;1.1;AES256
32373162376564636134333462313035393636303132643731396262363533343663653338316635
6366346363353336646531353332626236663163366639380a633664646338633530643766336331
63376662346236616264356466303935373432626431316265396635383739336361616334363764
6338346565303266310a346438646534336433623764643431646663383761643438323264656663
63393263343263363062373861363838366233666563373532663761376637636164663932363138
65333930656236373733386530373438343232646337346237653061323863383130323835313438
64323430653533643836646464643262383161336265376537636137303836626537326137316339
62393363363734373435636466653061376439396561616662636132653134363632626361633533
32623566656563656430366334346435373337376639373365313761643739383663613466643930
33393332656565363865306362316430376138383133653039386231383632313437373966633066
63346465666161663064373139373962316339663835613135663238353761356564633864363231
36323030316139363436396433616234643235663330643931356431366262386361336532386133
32643736376132346266393930643331353930633462373464643230313633313436323361343735
6562373763336435383564656431633063653337393666373061
